# Omega_m sigma_8 chi2 weight
2.000000000000000111e-01 8.800000000000000044e-01 3.897851447864314650e+03 2.000000000000000000e+00
2.040981920049640130e-01 8.784344906252321561e-01 3.725650199652070114e+03 2.000000000000000000e+00
1.946932009378842254e-01 9.023498287617564007e-01 3.622150637316401571e+03 2.000000000000000000e+00
1.968353894950671257e-01 8.987781832124364101e-01 3.592667638899141821e+03 1.000000000000000000e+00
2.072649469668229605e-01 8.990505996648459064e-01 3.037601054972028578e+03 1.000000000000000000e+00
2.050691273218295807e-01 9.040757214194867775e-01 3.027787095751031302e+03 1.000000000000000000e+00
2.145965444526417576e-01 8.967396036299682960e-01 2.724015276599931440e+03 1.000000000000000000e+00
2.321268668828476156e-01 8.854058291038673367e-01 2.169425909385497562e+03 1.000000000000000000e+00
2.324761593070350796e-01 8.857064295009613453e-01 2.148005961419606592e+03 1.000000000000000000e+00
2.371119669980142897e-01 8.845763683827468915e-01 1.982687689007087783e+03 2.000000000000000000e+00
2.511047604045651971e-01 8.751117905043646061e-01 1.626596329727403827e+03 1.000000000000000000e+00
2.513218853564755939e-01 8.755951787979558976e-01 1.607837291141433752e+03 4.000000000000000000e+00
2.653751008182874682e-01 8.629811032142762350e-01 1.361567239713848039e+03 3.000000000000000000e+00
2.703198807316041230e-01 8.640794314743747151e-01 1.171740466955713828e+03 1.000000000000000000e+00
2.762327757198628220e-01 8.545655012234893988e-01 1.167793489443577300e+03 2.000000000000000000e+00
2.883293681137145681e-01 8.560408632293722286e-01 7.852793607417726207e+02 1.000000000000000000e+00
2.944692179191486514e-01 8.575129535204701892e-01 6.051602065250737041e+02 3.000000000000000000e+00
3.066614633098670439e-01 8.523264417982365782e-01 4.207783380809514711e+02 1.000000000000000000e+00
3.191730772536701677e-01 8.441438333637022451e-01 2.966147357210807627e+02 1.000000000000000000e+00
3.296070620219788694e-01 8.425054444549956445e-01 1.623387382481707277e+02 1.000000000000000000e+00
3.390001973345632136e-01 8.359952631215222807e-01 1.115250991712306359e+02 1.000000000000000000e+00
3.514968912107251930e-01 8.339563910361389443e-01 2.890980381192680682e+01 2.000000000000000000e+00
3.556360146219268437e-01 8.323994907091089024e-01 1.747959521019839002e+01 4.000000000000000000e+00
3.583008629760133790e-01 8.287423907275881518e-01 1.832059668496834703e+01 2.000000000000000000e+00
3.644344759065163974e-01 8.248825956031090589e-01 8.864718855173745027e+00 2.000000000000000000e+00
3.717036475766689607e-01 8.219583167578670135e-01 2.583446946125579124e+00 1.000000000000000000e+00
3.723575974216850604e-01 8.222596691458600171e-01 2.614211173220600593e+00 5.000000000000000000e+00
3.632048262320147214e-01 8.317615684842283308e-01 2.587240538165103132e+00 7.000000000000000000e+00
3.620796597101371694e-01 8.337958684017814370e-01 2.388633439791669755e+00 2.000000000000000000e+00
3.637729485804919727e-01 8.337728363410662480e-01 2.707155810535454066e+00 1.000000000000000000e+00
3.699620473727852077e-01 8.244834252015474929e-01 2.502360998793084601e+00 1.000000000000000000e+00
3.672746220140165052e-01 8.282497880095124332e-01 2.446924743914714817e+00 8.000000000000000000e+00
3.678832426415435952e-01 8.290151261207644451e-01 2.957176175220943115e+00 2.000000000000000000e+00
3.794208888818344505e-01 8.168129038328367786e-01 4.956739182047541270e+00 1.000000000000000000e+00
3.734490376903129571e-01 8.180986043809109765e-01 3.351807339500306071e+00 1.000000000000000000e+00
3.589086171001571457e-01 8.347047504819781194e-01 4.333066295336624130e+00 1.000000000000000000e+00
3.611152332728722603e-01 8.307388308529150001e-01 5.879771045424198483e+00 1.000000000000000000e+00
3.683485697257244951e-01 8.285128289411339830e-01 3.012400811311144455e+00 1.000000000000000000e+00
3.664308453847036073e-01 8.270115019670121193e-01 3.002793124108658063e+00 1.000000000000000000e+00
3.811191579667351226e-01 8.150426064086722100e-01 5.321271681488457084e+00 3.000000000000000000e+00
3.664283947098069816e-01 8.251534309083985441e-01 4.628539620566953339e+00 2.000000000000000000e+00
3.736266731000422170e-01 8.172295879164945820e-01 3.865119074625603446e+00 3.000000000000000000e+00
3.848607991551313279e-01 8.057579515967489003e-01 3.038187451452321053e+00 1.000000000000000000e+00
3.908184375000758881e-01 8.032727833580504129e-01 5.300992486112971136e+00 3.000000000000000000e+00
3.918462178166808307e-01 8.024964129898071175e-01 5.844549184753632609e+00 1.000000000000000000e+00
3.964482745557104115e-01 7.925897773796690693e-01 3.291165864260695351e+00 3.000000000000000000e+00
3.871403512431594307e-01 8.014702208654382876e-01 3.951360871590136714e+00 6.000000000000000000e+00
3.852188405194511001e-01 8.082879767131554427e-01 3.614061629285600485e+00 1.000000000000000000e+00
3.838933061980218109e-01 8.058731092398420115e-01 3.453965239889246419e+00 1.000000000000000000e+00
3.845183100962877298e-01 8.124184506744454026e-01 7.513357467754011587e+00 4.000000000000000000e+00
3.785311726536310095e-01 8.135097448254432484e-01 2.788882713490365539e+00 2.000000000000000000e+00
3.709739230971378365e-01 8.236165466910894128e-01 2.534970232681443836e+00 2.000000000000000000e+00
3.672114096589065291e-01 8.289644657893339152e-01 2.566161327451042862e+00 3.000000000000000000e+00
3.676626442728713196e-01 8.303485078398553654e-01 3.713812401924297291e+00 2.000000000000000000e+00
3.662682259419049458e-01 8.319185901944633477e-01 3.596146905108975389e+00 1.000000000000000000e+00
3.780048657601753903e-01 8.160091999661625017e-01 2.973072065438290057e+00 5.000000000000000000e+00
3.885111334254256477e-01 8.027710201531982337e-01 3.099399076043945378e+00 1.000000000000000000e+00
3.883663282222801771e-01 8.021917028155066687e-01 3.064884900166348736e+00 3.000000000000000000e+00
4.013723244535732371e-01 7.893253775132118566e-01 3.829366656359936449e+00 1.000000000000000000e+00
3.978641428257014834e-01 7.905588255854283375e-01 3.440878431037881491e+00 1.000000000000000000e+00
4.043922014700604972e-01 7.845020265634478074e-01 3.498827158911706814e+00 4.000000000000000000e+00
4.128819041876319318e-01 7.763853011509256330e-01 4.056539691432209160e+00 1.300000000000000000e+01
4.021217306784503620e-01 7.863062579545587738e-01 3.427558030943955725e+00 2.000000000000000000e+00
4.124437493786287101e-01 7.787236046922046961e-01 5.512942752204650354e+00 3.000000000000000000e+00
4.022719468551327338e-01 7.873490197788082234e-01 3.473629834943075867e+00 3.000000000000000000e+00
4.004670692109362773e-01 7.914108234456168622e-01 4.582167123704206979e+00 1.000000000000000000e+00
3.822488546384291697e-01 8.085663787828319959e-01 3.050401815388874560e+00 3.000000000000000000e+00
3.747452961096458535e-01 8.159402564854955076e-01 3.834387407049163254e+00 1.000000000000000000e+00
3.623955341513660500e-01 8.311977025424257537e-01 3.526338353930588365e+00 1.000000000000000000e+00
3.453433001074930342e-01 8.502914149063356408e-01 6.430187104974582901e+00 1.000000000000000000e+00
3.492949114522148069e-01 8.460496579104047621e-01 5.098629525544870589e+00 1.000000000000000000e+00
3.550457351265481343e-01 8.434837337505040056e-01 2.160096433849033826e+00 5.000000000000000000e+00
3.499828059223776822e-01 8.479641205345045396e-01 2.591975775349786293e+00 1.000000000000000000e+00
3.502207601695929151e-01 8.493558825351036345e-01 2.191026422745572244e+00 9.000000000000000000e+00
3.441510939846951223e-01 8.575375498955277731e-01 2.064897830655848310e+00 5.000000000000000000e+00
3.485850038854295674e-01 8.520471262680161528e-01 2.196169319043395518e+00 8.000000000000000000e+00
3.552893830187154323e-01 8.435865306305430078e-01 2.200206345915954653e+00 1.000000000000000000e+00
3.624433783341141635e-01 8.368189716890918062e-01 3.570146552613340685e+00 5.000000000000000000e+00
3.602179568947114219e-01 8.334590072817135153e-01 3.931397772251889133e+00 1.000000000000000000e+00
3.656197603135434293e-01 8.267485090267654435e-01 3.984242246434521295e+00 3.000000000000000000e+00
3.597125791863976518e-01 8.361546741207638300e-01 2.513671502222236676e+00 4.000000000000000000e+00
3.556858843998874087e-01 8.404994215371985877e-01 2.826483037687848920e+00 1.000000000000000000e+00
3.533443842866447748e-01 8.466301175977580806e-01 2.263535162265360778e+00 5.000000000000000000e+00
3.516048512925079583e-01 8.469651194057482568e-01 2.279827970843403495e+00 2.000000000000000000e+00
3.539048674021665897e-01 8.457453344888794522e-01 2.235789311070113250e+00 9.000000000000000000e+00
3.565577877099369020e-01 8.374186019483256249e-01 4.616504729096422288e+00 6.000000000000000000e+00
3.573627939147833721e-01 8.374258843745444603e-01 3.554928050867865341e+00 1.000000000000000000e+00
3.707866197997589652e-01 8.251750827524821919e-01 2.902398121992384894e+00 3.000000000000000000e+00
3.710328995345829051e-01 8.242162401896745427e-01 2.657309430024542340e+00 3.000000000000000000e+00
3.730762316222860364e-01 8.190060617077317140e-01 3.063960182217004391e+00 4.000000000000000000e+00
3.836375338032896876e-01 8.104060149743377295e-01 3.748221780803299819e+00 1.000000000000000000e+00
3.740731892773110911e-01 8.198720209660046443e-01 2.617845566316741035e+00 1.000000000000000000e+00
3.782926858600866860e-01 8.193082499882570202e-01 6.465555618147180716e+00 1.000000000000000000e+00
3.809823494341484373e-01 8.112919120233615944e-01 2.815068725425900809e+00 1.100000000000000000e+01
3.839840708066620256e-01 8.085249014329741746e-01 3.014605615849380360e+00 2.000000000000000000e+00
3.740750075861702939e-01 8.209545630691149620e-01 2.899159406239761871e+00 2.000000000000000000e+00
3.703265994703751063e-01 8.226003301380244714e-01 2.879442703177782725e+00 8.000000000000000000e+00
3.777685805542163044e-01 8.141252452688052532e-01 2.845678406760918211e+00 2.000000000000000000e+00
3.781178717602841077e-01 8.153453594373817337e-01 2.816704297455914219e+00 1.000000000000000000e+00
3.790813921704540568e-01 8.144366372598609294e-01 2.906060860979112981e+00 5.000000000000000000e+00
3.912482199061304566e-01 7.977376128810236278e-01 3.418892789313793479e+00 7.000000000000000000e+00
3.919014277125383861e-01 8.019006042534236878e-01 5.189477766619842392e+00 1.000000000000000000e+00
3.973006237216021308e-01 7.897269766414215519e-01 4.253635845233138646e+00 2.000000000000000000e+00
4.069490061141845527e-01 7.773900641840076897e-01 6.215424988204188317e+00 1.000000000000000000e+00
4.222199856861413303e-01 7.620796204953556030e-01 5.449454944857290428e+00 1.000000000000000000e+00
4.422698566591095060e-01 7.491622643166628848e-01 8.429608576462808145e+00 1.000000000000000000e+00
4.412274327548872943e-01 7.449467941508025604e-01 4.605344382302602568e+00 1.000000000000000000e+00
4.485990714349339936e-01 7.373669139283952623e-01 4.920245970103188426e+00 1.000000000000000000e+00
4.353438538471681163e-01 7.481718782010707836e-01 6.223657843624523345e+00 3.000000000000000000e+00
4.307039285795506989e-01 7.562424515432322192e-01 4.162573351506521746e+00 2.000000000000000000e+00
4.453821213662795819e-01 7.431405844429217478e-01 4.679600542885492764e+00 1.000000000000000000e+00
4.442326305356591454e-01 7.435799444385874368e-01 4.450168170427172498e+00 7.000000000000000000e+00
4.394953819851022403e-01 7.462944866159554325e-01 4.623562792250611508e+00 1.000000000000000000e+00
4.363455169427798985e-01 7.531736244888663778e-01 5.736215546279495037e+00 1.000000000000000000e+00
4.349064765096303797e-01 7.518219233158498493e-01 4.321539470538350969e+00 1.000000000000000000e+00
4.332588821536030865e-01 7.559580215423898908e-01 5.255251427826678423e+00 3.000000000000000000e+00
4.354685993652628873e-01 7.535353077618207607e-01 5.171989333335996086e+00 4.000000000000000000e+00
4.276045782253335426e-01 7.594062772323372235e-01 4.078719997127508989e+00 6.000000000000000000e+00
4.380171485297044698e-01 7.499865385681334651e-01 4.726244324193960011e+00 1.000000000000000000e+00
4.297700360502219041e-01 7.522688270008236477e-01 8.353663746571447390e+00 1.000000000000000000e+00
4.271629861107889004e-01 7.584528345355807666e-01 4.463927135328621176e+00 2.000000000000000000e+00
4.185736869282429828e-01 7.720136286027906580e-01 5.541095568736309041e+00 2.000000000000000000e+00
4.296959685238219140e-01 7.560266974875642365e-01 4.419993522027396260e+00 1.100000000000000000e+01
4.396661841957326122e-01 7.495442259252652617e-01 5.558543565921026719e+00 2.000000000000000000e+00
4.490029543561475101e-01 7.419059295145322697e-01 6.701452301254143151e+00 1.000000000000000000e+00
4.462003323244912445e-01 7.408101013569218241e-01 4.491493272822067340e+00 4.000000000000000000e+00
4.593344401134537014e-01 7.279878338454508491e-01 4.853080721571670253e+00 4.000000000000000000e+00
4.557072754646976920e-01 7.304899252313161728e-01 5.136933606331964164e+00 7.000000000000000000e+00
4.412390960264080952e-01 7.381018899362894459e-01 1.413652951384565526e+01 3.000000000000000000e+00
4.434526904734851782e-01 7.361123200892767393e-01 1.491625215338929067e+01 5.000000000000000000e+00
4.503092289304753137e-01 7.403913171902724022e-01 6.371488949245108557e+00 2.000000000000000000e+00
4.526977267517575121e-01 7.371534151381621269e-01 5.541328286739496178e+00 3.000000000000000000e+00
4.380230564109779401e-01 7.497550722971280113e-01 4.636948812790589791e+00 5.000000000000000000e+00
4.345268484435002576e-01 7.520181015397972013e-01 4.323566719874202491e+00 2.000000000000000000e+00
4.269650196586458057e-01 7.609319907367307900e-01 4.230592253431792571e+00 3.000000000000000000e+00
4.227415113831042293e-01 7.693929103478199805e-01 8.114439023350183078e+00 1.000000000000000000e+00
4.247416168214661614e-01 7.584409391143863699e-01 6.696855301039574826e+00 2.000000000000000000e+00
4.318356563692487549e-01 7.574913813482073710e-01 5.285017483811083494e+00 2.000000000000000000e+00
4.389845018099997609e-01 7.450583410059435918e-01 5.770702081993550614e+00 1.000000000000000000e+00
4.388673302585029967e-01 7.446325680187998453e-01 6.331908233603225078e+00 1.000000000000000000e+00
4.439236232204851196e-01 7.417167813436669199e-01 4.915309004194300613e+00 2.000000000000000000e+00
4.529680303108845063e-01 7.334665383332638067e-01 4.878203128584474690e+00 1.000000000000000000e+00
4.471990701283985459e-01 7.415707727838697361e-01 4.829180593148868716e+00 1.000000000000000000e+00
4.350328411156191843e-01 7.524433891448220058e-01 4.457638063361383018e+00 2.000000000000000000e+00
4.311865729329293351e-01 7.568099061528678062e-01 4.356377248258120893e+00 2.000000000000000000e+00
4.196545936258347376e-01 7.656049561590432262e-01 4.669452803726725776e+00 1.000000000000000000e+00
4.208012308984559469e-01 7.674143931168360133e-01 4.072780387027433946e+00 2.000000000000000000e+00
4.217396272834350590e-01 7.648180923759666516e-01 4.051832021121635208e+00 2.000000000000000000e+00
4.189624112100349129e-01 7.705758695740991815e-01 4.640369323548235059e+00 2.000000000000000000e+00
4.102620877567206836e-01 7.789347008929489169e-01 3.863414342665345558e+00 5.000000000000000000e+00
4.072888819567520025e-01 7.770156088108313153e-01 6.227585276607541687e+00 2.000000000000000000e+00
4.077111509381189380e-01 7.800023675121346978e-01 3.635019067005189175e+00 8.000000000000000000e+00
4.180015044758363940e-01 7.719284797560685973e-01 4.869805453605599688e+00 1.000000000000000000e+00
4.021035817009203095e-01 7.878738541268319739e-01 3.565899054136358881e+00 1.000000000000000000e+00
3.914187781022917534e-01 7.989469843665146787e-01 3.135702459150410348e+00 8.000000000000000000e+00
3.932429884762300709e-01 7.969134923574877627e-01 3.150006761178242964e+00 1.000000000000000000e+00
3.850381867301690408e-01 8.062333144798353723e-01 2.930005923417447367e+00 1.000000000000000000e+00
3.821624870023127563e-01 8.115614754153970267e-01 3.326314995561864052e+00 3.000000000000000000e+00
3.739204748417737090e-01 8.199937226041108529e-01 2.641836398215135606e+00 1.000000000000000000e+00
3.777509458536100762e-01 8.204119631465000007e-01 7.172246178882997647e+00 3.000000000000000000e+00
3.787510810378703630e-01 8.149096947087779430e-01 2.921053637540338421e+00 1.000000000000000000e+00
3.795995643003857722e-01 8.154555320827727716e-01 3.827752518527084202e+00 1.000000000000000000e+00
3.724288205711799304e-01 8.206045503244374650e-01 2.707413376832710217e+00 1.000000000000000000e+00
3.677412416124294925e-01 8.248564425783895260e-01 3.386327457528683471e+00 2.000000000000000000e+00
3.663948530285497385e-01 8.321926105970625098e-01 3.922477241830326200e+00 4.000000000000000000e+00
3.553407984678723097e-01 8.406073447175759217e-01 3.043706718970257352e+00 2.000000000000000000e+00
3.531483606972153355e-01 8.447126836135729899e-01 2.321463094351993384e+00 6.000000000000000000e+00
3.571410437215139511e-01 8.409300016021126201e-01 2.216082513521020925e+00 1.000000000000000000e+00
3.615134207613287520e-01 8.374533597450698474e-01 3.121562951004101194e+00 1.000000000000000000e+00
3.693869685234416611e-01 8.251441933226638659e-01 2.490172274790536822e+00 1.000000000000000000e+00
3.626284713581927610e-01 8.322908406111538815e-01 2.644630049878940348e+00 1.000000000000000000e+00
3.645232347361634928e-01 8.256183010748135986e-01 7.315838588821853783e+00 1.000000000000000000e+00
3.682529068593043964e-01 8.298116159038222417e-01 3.909106066182783223e+00 1.000000000000000000e+00
3.725112389460565332e-01 8.258897838677532466e-01 5.565290769487471145e+00 1.000000000000000000e+00
3.581482330131975922e-01 8.369288430909781473e-01 3.165414441059156925e+00 2.000000000000000000e+00
3.557530725078528744e-01 8.416313823288731344e-01 2.295635697033498346e+00 1.000000000000000000e+00
3.562713221209025671e-01 8.415053391278665140e-01 2.209159384129453674e+00 7.000000000000000000e+00
3.426198078897727539e-01 8.625078999633977173e-01 3.335391154045592277e+00 8.000000000000000000e+00
3.351989280387206449e-01 8.670268790977299078e-01 2.782847747254637572e+00 4.000000000000000000e+00
3.349243728211747650e-01 8.674826902821684005e-01 2.740888521259135846e+00 1.000000000000000000e+00
3.339116474329552609e-01 8.680235461716790946e-01 3.439511309902886893e+00 7.000000000000000000e+00
3.375822556485148507e-01 8.644425664370829487e-01 2.397183914443909547e+00 4.000000000000000000e+00
3.266712968627537572e-01 8.780701523203188197e-01 3.402913689220220750e+00 3.000000000000000000e+00
3.338973857843810511e-01 8.714406669195540189e-01 1.823696000033324882e+00 5.000000000000000000e+00
3.444026503862042676e-01 8.578087068016894134e-01 2.129104169021909243e+00 1.000000000000000000e+00
3.411396581433195352e-01 8.629376321638835279e-01 2.277986899806286214e+00 9.000000000000000000e+00
3.436143917260900404e-01 8.610752201894703584e-01 3.283202981989592928e+00 1.000000000000000000e+00
3.435454441541157533e-01 8.611632844520814567e-01 3.330996281737764964e+00 1.000000000000000000e+00
3.371446838373319821e-01 8.647610625961851261e-01 2.560672499106035005e+00 1.000000000000000000e+00
3.518405820135371842e-01 8.515218571436466988e-01 4.338463181077357511e+00 2.000000000000000000e+00
3.537630032604124342e-01 8.466446165955378023e-01 2.481250324867789292e+00 4.000000000000000000e+00
3.491290808820349811e-01 8.465280515569535424e-01 4.731192081389725246e+00 3.000000000000000000e+00
3.488972162171138924e-01 8.561725768339577547e-01 6.052010627977558066e+00 2.000000000000000000e+00
3.588719346848647240e-01 8.444500154523445490e-01 7.561014479205323546e+00 1.000000000000000000e+00
3.483336408750638546e-01 8.526998108496579576e-01 2.256664198911257913e+00 3.000000000000000000e+00
3.514701832051388419e-01 8.450487120188847623e-01 3.221155594479528261e+00 6.000000000000000000e+00
3.632163559793082364e-01 8.297811142810633811e-01 3.889532513251190871e+00 5.000000000000000000e+00
3.637736604626073400e-01 8.291429708859709979e-01 3.844789588576051464e+00 4.000000000000000000e+00
3.732093971228904739e-01 8.223538426566967541e-01 3.041371065591894851e+00 2.000000000000000000e+00
3.707155315611343482e-01 8.266269894742936941e-01 3.915613395105137950e+00 3.000000000000000000e+00
3.662913063181886808e-01 8.338512136142800513e-01 5.748748936581279168e+00 1.000000000000000000e+00
3.706022818987346201e-01 8.225980284677494314e-01 2.743915609857433768e+00 8.000000000000000000e+00
3.749038831296512830e-01 8.229321190609005798e-01 5.584294470621490092e+00 3.000000000000000000e+00
3.674427034024926875e-01 8.295725092804842049e-01 2.951177485663515121e+00 1.000000000000000000e+00
3.520621007680734826e-01 8.446598248371284257e-01 3.127308718449372194e+00 6.000000000000000000e+00
3.464011199555777631e-01 8.533817115277666510e-01 2.246864750491109231e+00 2.000000000000000000e+00
3.464787584094214390e-01 8.546722655294122228e-01 2.121291522541652430e+00 2.000000000000000000e+00
3.485266639137998279e-01 8.530420991340622594e-01 2.502542970912372322e+00 1.000000000000000000e+00
3.475527224997737585e-01 8.508087530971542023e-01 2.726353475704588192e+00 1.000000000000000000e+00
3.553195511614219981e-01 8.451094712276535637e-01 2.777768267221046639e+00 1.000000000000000000e+00
3.486817293854329591e-01 8.471297756507321086e-01 4.741589091196991568e+00 2.000000000000000000e+00
3.517369230297872074e-01 8.501567673954454341e-01 2.935291565982019346e+00 1.000000000000000000e+00
3.518951440510629802e-01 8.477590314222870349e-01 2.092418973640774116e+00 3.000000000000000000e+00
3.533465614907435048e-01 8.436133836012221776e-01 2.722049333264689341e+00 1.000000000000000000e+00
3.523597019889972981e-01 8.514301515380429120e-01 5.086209562170700416e+00 3.000000000000000000e+00
3.421800869166050640e-01 8.581526529216891852e-01 2.524342068655204052e+00 1.000000000000000000e+00
3.457412398209687154e-01 8.563521632614061740e-01 2.250028764406094783e+00 3.000000000000000000e+00
3.445716671661699926e-01 8.547338136551098087e-01 2.694980305458984926e+00 2.000000000000000000e+00
3.432209954544329089e-01 8.594140376550737370e-01 2.129450278531386243e+00 5.000000000000000000e+00
3.562562656757133905e-01 8.409336533192488528e-01 2.316912158007201850e+00 6.000000000000000000e+00
3.622242298037762209e-01 8.284894571224606930e-01 7.234636936377443206e+00 1.000000000000000000e+00
3.659042397551626191e-01 8.277585340980496698e-01 2.937296537116770523e+00 5.000000000000000000e+00
3.635127230431536294e-01 8.352354885846369204e-01 3.405820657677622876e+00 2.000000000000000000e+00
3.525667549433387227e-01 8.494296657609222700e-01 3.231443464332528492e+00 8.000000000000000000e+00
3.493621382793224428e-01 8.536525497836604526e-01 3.659973012292366601e+00 2.000000000000000000e+00
3.435338311049327964e-01 8.633652522018122610e-01 5.837801051298156629e+00 2.000000000000000000e+00
3.381675599731628346e-01 8.663582954114492640e-01 2.000180166675004756e+00 1.000000000000000000e+00
3.370020655074402183e-01 8.687801122472011972e-01 2.292776473776341195e+00 3.000000000000000000e+00
3.340623455880216697e-01 8.698894216994477180e-01 2.061330153991280945e+00 1.000000000000000000e+00
3.297180822207934070e-01 8.726171974731447012e-01 4.751758790662154119e+00 1.000000000000000000e+00
3.322710693815840721e-01 8.728371953940212702e-01 1.891326218665332792e+00 1.000000000000000000e+00
3.309645486159438210e-01 8.740219848944178471e-01 2.072995591990660635e+00 4.000000000000000000e+00
3.356333303557650360e-01 8.734113027406283924e-01 4.567976067070738999e+00 1.000000000000000000e+00
3.324180413130273792e-01 8.768843236599527247e-01 3.428093039116295593e+00 3.000000000000000000e+00
3.307074725231711754e-01 8.752674926296241109e-01 1.806827479002982129e+00 4.000000000000000000e+00
3.280899657253477097e-01 8.790502491274673202e-01 1.739093865398559702e+00 3.000000000000000000e+00
3.316507010675389666e-01 8.755780980120033696e-01 1.921033544898601564e+00 3.000000000000000000e+00
3.242247338641257026e-01 8.852307510425658776e-01 1.620350016403418136e+00 1.300000000000000000e+01
3.215277610585519086e-01 8.890137997120490798e-01 1.566415445632806325e+00 2.000000000000000000e+00
3.260611923652269040e-01 8.809952042666728822e-01 1.965708904038461213e+00 8.000000000000000000e+00
3.337160822002394611e-01 8.752205056043186326e-01 3.611319840470797349e+00 3.000000000000000000e+00
3.323256817795934848e-01 8.779343364325855603e-01 4.431207742651891657e+00 2.000000000000000000e+00
3.222916604817242514e-01 8.826565594240081136e-01 5.372038698382318067e+00 1.000000000000000000e+00
3.194147970916687007e-01 8.900179125772583744e-01 2.176061256398040378e+00 3.000000000000000000e+00
3.274658956542705890e-01 8.839807299384515593e-01 3.393358147018079141e+00 3.000000000000000000e+00
3.246460217686307770e-01 8.863596403782167954e-01 2.091761196305035320e+00 1.000000000000000000e+00
3.245515388950379609e-01 8.863676722829186838e-01 2.027177673093123467e+00 4.000000000000000000e+00
3.266122033518967238e-01 8.822721066193558448e-01 1.713744839345392901e+00 7.000000000000000000e+00
3.131045883347172154e-01 9.033384459180465731e-01 1.758896450789676491e+00 1.000000000000000000e+00
3.126528419953648608e-01 9.072425333865178354e-01 4.609221302181890856e+00 5.000000000000000000e+00
2.980226152268443673e-01 9.272173039178492893e-01 1.859827279085572771e+00 1.000000000000000000e+00
3.001931965016563786e-01 9.264959486435111469e-01 4.458634380425521293e+00 2.000000000000000000e+00
2.956023990510341926e-01 9.295967281054596798e-01 1.262474085256020340e+00 7.000000000000000000e+00
2.949456616937265463e-01 9.292389794111015622e-01 1.247185204028973038e+00 5.000000000000000000e+00
2.913206748445745231e-01 9.346400939070204084e-01 1.256483009564675291e+00 6.000000000000000000e+00
2.948099444687225512e-01 9.331651253328802076e-01 2.373350919014861837e+00 2.000000000000000000e+00
3.020896671180142712e-01 9.215106506666150832e-01 2.400764372707967720e+00 1.000000000000000000e+00
2.945253917401483568e-01 9.250855863699997128e-01 4.565596686385874570e+00 2.000000000000000000e+00
2.948110509739597096e-01 9.299108432756395537e-01 1.193562038969765871e+00 2.000000000000000000e+00
2.938647508395084151e-01 9.292757262744140156e-01 1.698294104631618895e+00 1.400000000000000000e+01
2.953309024051625209e-01 9.315649293773549111e-01 1.820571611708566628e+00 4.000000000000000000e+00
2.914107879945247448e-01 9.313899023123336507e-01 3.096257837358361353e+00 2.000000000000000000e+00
2.959956506965650269e-01 9.304000202361819571e-01 1.804956725916312843e+00 2.000000000000000000e+00
2.934829325810243694e-01 9.359364570395234395e-01 3.298880334308694096e+00 3.000000000000000000e+00
2.933694789271741321e-01 9.360261383796512069e-01 3.251480923244188581e+00 2.000000000000000000e+00
2.816231025601760307e-01 9.491049060079440602e-01 1.902629063088305594e+00 2.000000000000000000e+00
2.802725819168433996e-01 9.546546735300694975e-01 1.213444860914017598e+00 2.000000000000000000e+00
2.791684217457640615e-01 9.561648481929506671e-01 1.156078216197569564e+00 3.000000000000000000e+00
2.802188018408788284e-01 9.540202542646544215e-01 1.134406241045888386e+00 6.000000000000000000e+00
2.812431820603219501e-01 9.487619854415791920e-01 2.597599401238819272e+00 7.000000000000000000e+00
2.816399646585430738e-01 9.500161811008132062e-01 1.430518580615449009e+00 7.000000000000000000e+00
2.809452173086324223e-01 9.518800100938268338e-01 1.218667202764278201e+00 3.000000000000000000e+00
2.741773664089293683e-01 9.580877652498279717e-01 5.998457035945633287e+00 4.000000000000000000e+00
2.712391106340583669e-01 9.684488037722365217e-01 1.387141989476122106e+00 3.000000000000000000e+00
2.741992060798407183e-01 9.605713719869203304e-01 2.909886222619546103e+00 4.000000000000000000e+00
2.798512601667577648e-01 9.596286528999743437e-01 4.329761498023841249e+00 3.000000000000000000e+00
2.718788732482965709e-01 9.723385691452612889e-01 2.937721040051625376e+00 1.000000000000000000e+00
2.717467031989761472e-01 9.680825134836810175e-01 1.247402218051261391e+00 8.000000000000000000e+00
2.709993586433473434e-01 9.692848594676372054e-01 1.278426104149048115e+00 6.000000000000000000e+00
2.751359731935090203e-01 9.642415529553026721e-01 1.427439664489673410e+00 2.400000000000000000e+01
2.749115702563066366e-01 9.653228086170465572e-01 1.741383237023726993e+00 3.000000000000000000e+00
2.681620765812682827e-01 9.691700027350498292e-01 5.562323786530253500e+00 2.000000000000000000e+00
2.724246317802551665e-01 9.603606707923433294e-01 7.301203172786353335e+00 5.000000000000000000e+00
2.772787367903576938e-01 9.582759202887309868e-01 1.203789285671919229e+00 3.000000000000000000e+00
2.779374220034767085e-01 9.625819647529589851e-01 3.900440996933962623e+00 1.000000000000000000e+00
2.777084864077616344e-01 9.627849732099902358e-01 3.682349484615001778e+00 1.000000000000000000e+00
2.753308005624038879e-01 9.671789524260976378e-01 3.977998935246189749e+00 2.000000000000000000e+00
2.719174206167294661e-01 9.712984709701748542e-01 2.150947823679699944e+00 3.000000000000000000e+00
2.743383561648026214e-01 9.668500540461507642e-01 2.063824976884518492e+00 1.200000000000000000e+01
2.761114624825636299e-01 9.640382273211214326e-01 2.260499322023354907e+00 3.000000000000000000e+00
2.667490278806238790e-01 9.736738919818291871e-01 3.265806832789161174e+00 6.000000000000000000e+00
2.731583573383153940e-01 9.678039990491161815e-01 1.474433469042116585e+00 1.000000000000000000e+00
2.770491408541277956e-01 9.610464393475754985e-01 1.472969060461091440e+00 1.000000000000000000e+00
2.821206102251593295e-01 9.507365644113533465e-01 1.130769525874568471e+00 3.000000000000000000e+00
2.821538638050657410e-01 9.474395044297310164e-01 2.415992201641727011e+00 6.000000000000000000e+00
2.808930382264092085e-01 9.496568620642862335e-01 2.386235562605522720e+00 7.000000000000000000e+00
2.864926615583947012e-01 9.439100559408852842e-01 1.178460059217069533e+00 1.000000000000000000e+00
2.870249559456644062e-01 9.465451548890067013e-01 3.216722102358297253e+00 1.000000000000000000e+00
2.810526009007743853e-01 9.449271190499158868e-01 8.236185806388853337e+00 2.000000000000000000e+00
2.826115216781494577e-01 9.469201086892794494e-01 2.252498755351746151e+00 4.000000000000000000e+00
2.815226319846039216e-01 9.446435547827802814e-01 7.314076491065726771e+00 1.000000000000000000e+00
2.909146108661033736e-01 9.413329579040405903e-01 4.778217099018004177e+00 3.000000000000000000e+00
2.894903722267829216e-01 9.397908629020074178e-01 1.399932342339711200e+00 2.000000000000000000e+00
2.910851670870870378e-01 9.373571915252265629e-01 1.482310895087234348e+00 4.000000000000000000e+00
2.926679344795945492e-01 9.350654250921115462e-01 1.624241055668737665e+00 1.000000000000000000e+01
2.987211119623144895e-01 9.267027554433492353e-01 2.260256129840024997e+00 6.000000000000000000e+00
3.013819239897949642e-01 9.199337087042860350e-01 1.252425001746636068e+00 1.000000000000000000e+00
3.012722439788959594e-01 9.185552412206350326e-01 1.455423739613201706e+00 1.100000000000000000e+01
3.006086836875737078e-01 9.172797425648064884e-01 2.918455750050996222e+00 3.000000000000000000e+00
3.030026169379118617e-01 9.196665077297287993e-01 2.112273816482574507e+00 4.000000000000000000e+00
3.003965112329360365e-01 9.235861261757183360e-01 1.966933979299060331e+00 5.000000000000000000e+00
2.987727859981516021e-01 9.271001033060236596e-01 2.648373029092556674e+00 4.000000000000000000e+00
3.002222159171482607e-01 9.280644476332010617e-01 6.912666182462507969e+00 3.000000000000000000e+00
3.004162973804931358e-01 9.233111567041886181e-01 1.822017456209180208e+00 7.000000000000000000e+00
2.959338441082526305e-01 9.272941810548286368e-01 1.336040315699288161e+00 5.000000000000000000e+00
2.882135502201740307e-01 9.318924509986435956e-01 1.049982124989418786e+01 1.000000000000000000e+00
2.860814361360485836e-01 9.355759156190847081e-01 1.014806869139721002e+01 1.000000000000000000e+00
2.968472195862075225e-01 9.259748820999880170e-01 1.302895045793621032e+00 3.000000000000000000e+00
3.016152359231455415e-01 9.189840317268301861e-01 1.257489460367529510e+00 9.000000000000000000e+00
2.981801340511900378e-01 9.194307320726277100e-01 4.834921616365197572e+00 1.000000000000000000e+00
3.039348579156005981e-01 9.133833178773831385e-01 1.957351855831189313e+00 3.000000000000000000e+00
3.131659412113516616e-01 9.049108452775191935e-01 2.883020531517964447e+00 1.000000000000000000e+00
3.012061737792204874e-01 9.180656220680009083e-01 1.698606912553327630e+00 6.000000000000000000e+00
3.050440939430117404e-01 9.169515506125222037e-01 2.481802913695994484e+00 4.000000000000000000e+00
3.043736087113481648e-01 9.200383472934816620e-01 4.663755305651464234e+00 1.000000000000000000e+00
2.984913736299456555e-01 9.231707971919916877e-01 1.362292926440857643e+00 1.000000000000000000e+00
2.959894345802419613e-01 9.255949186011903640e-01 2.092143815176553900e+00 3.000000000000000000e+00
3.143464902713051234e-01 9.065025865828317819e-01 7.502479572581892242e+00 2.000000000000000000e+00
3.226220122344257701e-01 8.844011806381465446e-01 2.862534908211843643e+00 2.000000000000000000e+00
3.191562320172981471e-01 8.949413821496053911e-01 2.230969674541808612e+00 5.000000000000000000e+00
3.197641019707523347e-01 8.924167616666074387e-01 1.553278800862119668e+00 1.000000000000000000e+00
3.188457808722219289e-01 8.950640570687053987e-01 1.993038658152458176e+00 1.000000000000000000e+00
3.142396387437346728e-01 8.976650180123632028e-01 2.116878309350813669e+00 3.000000000000000000e+00
3.152504736582049105e-01 9.013859926164163872e-01 2.582758990037901992e+00 1.000000000000000000e+00
3.163689688058308747e-01 8.960140528270701399e-01 1.520551733116250359e+00 2.000000000000000000e+00
3.225739701902233802e-01 8.892338387542109146e-01 1.956270191491943367e+00 6.000000000000000000e+00
3.265190575550952490e-01 8.858950293839618073e-01 3.961641134461198810e+00 7.000000000000000000e+00
3.113615309653439134e-01 9.006972241071785623e-01 3.091243792198486329e+00 1.600000000000000000e+01
3.056277985434779354e-01 9.136243927002573040e-01 1.335938456840778388e+00 2.000000000000000000e+00
3.015439825039824551e-01 9.200452026469023714e-01 1.296791258684526493e+00 2.000000000000000000e+00
3.017523193967663886e-01 9.189911011635004678e-01 1.247171017811293359e+00 3.000000000000000000e+00
3.063448912038489458e-01 9.135739402057709846e-01 1.657789705666447899e+00 3.000000000000000000e+00
2.982719118658009871e-01 9.255804201524548969e-01 1.341150276776197137e+00 6.000000000000000000e+00
2.975844335753562997e-01 9.261485027975677742e-01 1.235375109133068916e+00 1.000000000000000000e+00
2.998563699334135801e-01 9.257921117557221802e-01 3.040998527738513868e+00 5.000000000000000000e+00
3.028888130747829921e-01 9.167955630621128504e-01 1.291788267177318428e+00 1.000000000000000000e+00
3.094490878328675088e-01 9.144931607726483058e-01 8.573361892039624621e+00 2.000000000000000000e+00
3.021482796488939582e-01 9.135922195556340775e-01 4.329749632980563590e+00 1.000000000000000000e+00
3.013647438565781878e-01 9.169760255360376311e-01 2.205531043466205432e+00 2.000000000000000000e+00
3.015788516837564215e-01 9.210276665075717295e-01 1.610410701403741207e+00 2.000000000000000000e+00
2.979507534993917073e-01 9.271216722557013012e-01 1.742592962449701188e+00 7.000000000000000000e+00
3.026623892854568565e-01 9.150696420803353659e-01 2.132336157884614281e+00 2.000000000000000000e+00
2.965103786031323407e-01 9.278751028305789461e-01 1.227920030287301900e+00 2.000000000000000000e+00
2.964971358519886135e-01 9.248596188020713482e-01 2.044036117784291395e+00 1.100000000000000000e+01
2.888961151442074327e-01 9.348009365155006689e-01 3.835691762377045233e+00 1.000000000000000000e+00
2.976963137722989372e-01 9.282468970617662185e-01 2.187069190244645522e+00 3.000000000000000000e+00
3.000744282290581655e-01 9.263295671644909968e-01 4.006551484416140063e+00 2.000000000000000000e+00
2.993853882405362321e-01 9.182367738885237607e-01 3.932640076466896950e+00 3.000000000000000000e+00
3.031623824158283798e-01 9.201042982625947664e-01 2.638966190205372264e+00 3.000000000000000000e+00
3.077863305423210738e-01 9.128357787055827455e-01 2.620031417185959555e+00 1.000000000000000000e+00
3.027691812222070289e-01 9.150150675343069473e-01 2.055549415772399691e+00 7.000000000000000000e+00
3.115942149476312317e-01 9.082996756517116577e-01 3.908845790619326799e+00 4.000000000000000000e+00
3.126925793127158237e-01 9.049194723650215710e-01 2.308158064092867168e+00 1.000000000000000000e+00
3.044279602125303796e-01 9.142997058005245536e-01 1.323402123603578229e+00 6.000000000000000000e+00
3.070298417480594177e-01 9.153582600293782567e-01 3.990072035432235431e+00 1.000000000000000000e+00
3.102815112645101459e-01 9.101836734164605591e-01 3.819513324340616744e+00 5.000000000000000000e+00
3.100527948141587053e-01 9.102740690582862282e-01 3.467494233397585113e+00 2.000000000000000000e+00
3.124234343314661877e-01 9.043437027366046932e-01 1.769063305681369380e+00 1.000000000000000000e+00
3.073716508031766881e-01 9.119788125088332809e-01 1.665639357811149468e+00 5.000000000000000000e+00
3.119844568004780383e-01 9.105546590096456061e-01 8.374569781749812591e+00 2.000000000000000000e+00
3.148939592603083315e-01 9.025231973531346874e-01 3.106435843053337642e+00 2.000000000000000000e+00
3.069878461035829287e-01 9.074234520200684662e-01 2.935793860384448450e+00 4.000000000000000000e+00
3.131004980792415071e-01 9.054854293425573797e-01 3.342059614096165365e+00 2.000000000000000000e+00
3.095254440416388420e-01 9.022749525606967858e-01 4.357595459678330840e+00 2.000000000000000000e+00
3.015896798596574002e-01 9.177408383226117738e-01 1.579780035883718625e+00 3.000000000000000000e+00
2.940263014416004683e-01 9.296541639508575372e-01 1.431173656508228031e+00 4.000000000000000000e+00
2.920315410199057493e-01 9.407186985321684958e-01 6.566288276652086253e+00 1.000000000000000000e+00
2.788333930601075705e-01 9.569637278345983766e-01 1.185795351976850487e+00 1.000000000000000000e+00
2.833479412507681205e-01 9.543880365111019337e-01 5.330352910124748433e+00 2.000000000000000000e+00
2.847739244904726186e-01 9.463936894481852491e-01 1.139633754451253811e+00 2.000000000000000000e+00
2.911556624256791959e-01 9.311607150988158166e-01 3.780938709751020976e+00 1.000000000000000000e+00
2.889839243273439329e-01 9.379298812973336785e-01 1.385774767984216949e+00 1.000000000000000000e+00
2.909380634946485134e-01 9.376800431594589647e-01 1.514230310267747459e+00 2.000000000000000000e+00
2.926338481136981917e-01 9.347497010085760172e-01 1.466055227809866413e+00 3.000000000000000000e+00
2.921431376627402488e-01 9.382081920190659119e-01 3.377371899624012741e+00 6.000000000000000000e+00
2.915184144982421732e-01 9.307741814819507908e-01 3.554547456357736834e+00 1.000000000000000000e+00
2.926748973101980233e-01 9.360518058924880425e-01 2.225135118953842195e+00 8.000000000000000000e+00
2.936374104804266860e-01 9.329059675038566812e-01 1.401268103230604023e+00 2.000000000000000000e+00
2.909080152237697448e-01 9.405641346510452694e-01 3.734016006763212214e+00 3.000000000000000000e+00
2.893149973630868010e-01 9.404474184165236839e-01 1.543340753923996500e+00 1.000000000000000000e+00
2.845002704026913798e-01 9.402433941622194702e-01 6.304419430419072157e+00 4.000000000000000000e+00
2.882647836166856159e-01 9.368027239475064105e-01 2.834684096060648972e+00 1.000000000000000000e+00
2.941756995387650453e-01 9.345236545456043764e-01 3.015926486144264729e+00 1.000000000000000000e+00
2.868012619352222625e-01 9.439033401073622098e-01 1.278491481975817301e+00 2.000000000000000000e+00
2.833370322731166291e-01 9.489871498716466736e-01 1.144057014999275257e+00 1.000000000000000000e+00
2.872919797737804037e-01 9.438306172723606169e-01 1.543849890401043812e+00 3.000000000000000000e+00
2.870566798067589742e-01 9.414790296251323021e-01 1.269456897445454757e+00 5.000000000000000000e+00
2.901217792010293284e-01 9.332354305303783848e-01 3.351499765864610403e+00 7.000000000000000000e+00
2.979644393172891648e-01 9.234091585581617467e-01 1.569759774257825979e+00 2.000000000000000000e+00
2.978109991350244568e-01 9.242115887681442432e-01 1.368297866467348634e+00 3.000000000000000000e+00
2.986825677499770904e-01 9.232768090775809178e-01 1.273970622164649846e+00 2.000000000000000000e+00
3.046653218058018586e-01 9.172293093720124135e-01 2.241506443024223305e+00 8.000000000000000000e+00
2.881131863581060104e-01 9.396765259685483374e-01 1.288260266677370813e+00 2.000000000000000000e+00
2.924914304176677859e-01 9.361014353678298594e-01 2.084220580606744644e+00 8.000000000000000000e+00
2.901097496766029127e-01 9.340962847952153369e-01 2.524577213253686558e+00 2.000000000000000000e+00
2.964218625695825282e-01 9.293224432616198349e-01 1.578661184630955283e+00 3.000000000000000000e+00
3.040577422369977190e-01 9.169459826086762133e-01 1.556428521423305122e+00 7.000000000000000000e+00
3.041697144069012149e-01 9.156340665554425495e-01 1.287439471909129107e+00 6.000000000000000000e+00
3.064483651012104848e-01 9.118454001216645954e-01 1.301716231032786997e+00 2.000000000000000000e+00
2.945586190128348658e-01 9.260562152146819548e-01 3.318601466222314667e+00 3.000000000000000000e+00
2.941381196066918946e-01 9.285114568095051979e-01 1.899097772850818933e+00 5.000000000000000000e+00
2.974402663045240258e-01 9.251282562028341205e-01 1.287341631111897700e+00 1.000000000000000000e+00
2.990089562085184727e-01 9.232145907861817324e-01 1.224610186722391303e+00 2.000000000000000000e+00
2.933891374283747466e-01 9.341846094453003513e-01 1.810833993034669298e+00 8.000000000000000000e+00
2.900411441956244341e-01 9.365886018833622373e-01 1.278668149626618344e+00 1.000000000000000000e+00
2.900710548814937062e-01 9.366841394254155073e-01 1.247224973033774109e+00 3.000000000000000000e+00
2.834121818316147068e-01 9.437593268021320370e-01 3.955947388635100648e+00 6.000000000000000000e+00
2.848225127330066830e-01 9.521497152803819475e-01 5.639886232644676589e+00 3.000000000000000000e+00
2.819081843243377850e-01 9.581330175043516473e-01 7.435815658946309803e+00 1.000000000000000000e+00
2.703860341451765348e-01 9.767800213645200236e-01 4.929396347361535646e+00 1.000000000000000000e+00
2.723656224721598962e-01 9.679092062901232252e-01 1.176962803121397450e+00 5.000000000000000000e+00
2.771988591348046871e-01 9.601849382401331789e-01 1.272399825376335114e+00 2.000000000000000000e+00
2.659257448999918783e-01 9.731453238674017125e-01 5.729931802508418492e+00 2.000000000000000000e+00
2.739480395879851371e-01 9.683960563404547806e-01 2.736022946392123956e+00 4.000000000000000000e+00
2.675453891281484031e-01 9.771625824233451940e-01 1.313582658363085409e+00 2.000000000000000000e+00
2.642266084850576346e-01 9.828853075307840692e-01 1.322931007803641590e+00 2.000000000000000000e+00
2.642359013786438893e-01 9.800831914939917011e-01 1.906601368630890248e+00 2.000000000000000000e+00
2.656097930709393484e-01 9.843152726355006710e-01 3.671637715818797165e+00 2.000000000000000000e+00
2.578372988474846306e-01 9.913312986410087735e-01 2.426523268269055844e+00 1.000000000000000000e+00
2.562338914003693402e-01 9.953579029732827488e-01 1.904993494885236949e+00 2.000000000000000000e+00
2.478394919020769083e-01 1.008744719295074477e+00 4.488379812248491696e+00 1.000000000000000000e+00
2.464197098304959088e-01 1.010922444365187189e+00 5.265305877363082310e+00 1.000000000000000000e+00
2.447396111307495736e-01 1.018265101609997059e+00 2.310184278827729365e+00 1.000000000000000000e+00
2.395811898878276169e-01 1.030665925033772412e+00 2.501999957301926703e+00 3.000000000000000000e+00
2.409336130111617569e-01 1.024654359922096969e+00 3.131607430739267617e+00 1.000000000000000000e+00
2.449114623125338286e-01 1.020521838159683226e+00 2.268678605417951744e+00 3.000000000000000000e+00
2.478211602588120677e-01 1.014284920376786081e+00 1.990499133518863317e+00 3.000000000000000000e+00
2.409339355777543323e-01 1.025120535357824547e+00 2.877788348326102419e+00 4.000000000000000000e+00
2.402706062739725645e-01 1.028228264606867004e+00 2.405858412469462859e+00 4.000000000000000000e+00
2.420296349596184060e-01 1.023878468021220289e+00 2.432546889553866443e+00 1.000000000000000000e+00
2.443188531946641762e-01 1.021049366565351502e+00 2.168166354235518511e+00 1.000000000000000000e+00
2.336638468747557484e-01 1.036940545388447932e+00 5.275727498556664230e+00 2.000000000000000000e+00
2.357243729578846481e-01 1.038668153349570522e+00 2.547850869815164732e+00 1.000000000000000000e+00
2.344104868000106701e-01 1.045492181243592666e+00 5.564018622752369581e+00 3.000000000000000000e+00
2.280334298208327171e-01 1.052660171332815642e+00 3.294247273263988252e+00 8.000000000000000000e+00
2.307400833357233227e-01 1.048933253644657615e+00 2.979535295376585680e+00 2.000000000000000000e+00
2.380072249074092761e-01 1.035498914607543730e+00 3.107233635221765322e+00 3.000000000000000000e+00
2.366180718409465200e-01 1.032841180287226601e+00 3.868302499913282677e+00 1.000000000000000000e+00
2.382158836603419927e-01 1.029165290684641798e+00 4.057386696522194747e+00 2.000000000000000000e+00
2.430758410993472396e-01 1.024975701268526995e+00 2.636583586555890424e+00 3.000000000000000000e+00
2.410623206991187872e-01 1.024264539655070028e+00 3.201421285308404752e+00 1.000000000000000000e+00
2.345027207938903679e-01 1.038298990827936752e+00 2.790328293660262471e+00 2.000000000000000000e+01
2.384203285785353732e-01 1.033165979133877865e+00 2.584591699180645907e+00 3.000000000000000000e+00
2.354567546398650679e-01 1.035016312391981996e+00 3.380574206047938013e+00 1.000000000000000000e+01
2.412672451200997548e-01 1.030646526257183337e+00 4.133728811597489283e+00 6.000000000000000000e+00
2.382470007998268580e-01 1.029930655644662130e+00 3.451504487823093825e+00 2.000000000000000000e+00
2.456626914821265772e-01 1.019876130079405918e+00 2.547779085973410851e+00 2.000000000000000000e+00
2.488090711062041216e-01 1.009179434519117624e+00 2.538193587725614542e+00 9.000000000000000000e+00
2.516640150898619699e-01 1.006015483538342359e+00 1.737202249909979734e+00 1.000000000000000000e+01
2.547608892534756753e-01 1.001289621323879331e+00 1.760160528948753633e+00 9.000000000000000000e+00
2.556791279451744447e-01 9.986643227454474747e-01 1.550939267325657900e+00 1.000000000000000000e+00
2.625350935812421072e-01 9.901311802065534406e-01 3.923459921743765566e+00 2.000000000000000000e+00
2.544984770215122927e-01 9.968472447509147960e-01 3.111997648968650942e+00 2.000000000000000000e+00
2.661475256981155058e-01 9.843460246332752517e-01 4.880765889040381111e+00 1.000000000000000000e+00
2.641965725070983262e-01 9.840727820767681822e-01 1.616315290250518677e+00 2.100000000000000000e+01
2.646313711975829541e-01 9.837565345408523232e-01 1.824616768657606691e+00 3.000000000000000000e+00
2.597548526892948240e-01 9.912515145114496606e-01 1.441865050642674007e+00 4.000000000000000000e+00
2.549515370208916276e-01 1.000074897736436208e+00 1.563997905552356515e+00 2.000000000000000000e+00
2.474525323975438895e-01 1.013034968296853133e+00 2.113685897274594883e+00 4.000000000000000000e+00
2.501832236545725174e-01 1.013952031823907474e+00 4.758783571341784757e+00 1.000000000000000000e+00
2.469212704009205450e-01 1.013214561595965568e+00 2.468205994901466749e+00 7.000000000000000000e+00
2.458871732094485840e-01 1.016217241375615643e+00 2.176838200462770434e+00 2.200000000000000000e+01
2.493042334359697743e-01 1.009587525454322954e+00 1.971713288290503741e+00 6.000000000000000000e+00
2.572264843665280076e-01 1.001035390320349050e+00 5.350672335255920231e+00 1.000000000000000000e+00
2.510602186077615094e-01 1.007267767986709694e+00 1.764863234418067028e+00 5.000000000000000000e+00
2.588358631627051820e-01 9.927166716502020538e-01 1.451477055367544233e+00 5.000000000000000000e+00
2.574475008978920343e-01 9.956781136901177165e-01 1.524835157262814489e+00 1.000000000000000000e+00
2.616011473666441933e-01 9.887606992990418675e-01 1.638617261687954185e+00 2.000000000000000000e+00
2.628364985206252391e-01 9.858274816397707419e-01 1.418420049185896037e+00 1.000000000000000000e+00
